0.000892639
0.311551
0.583364
0.762921
0.866242
0.918986
0.943734
0.953766
0.957745
0.959256
0.959568
0.959745
0.959893
0.959684
0.959722
0.959889
0.959803
0.959948
0.95974
0.959851
0.960116
0.96001
0.959775
0.959772
0.959723
0.959963
0.959992
0.959608
0.959891
0.959609
0.959858
0.95952
0.959569
0.959829
0.959601
0.959787
0.959808
0.959765
0.959854
0.959626
0.959781
0.959911
0.959826
0.959711
0.959768
0.959838
0.959799
0.959805
0.959877
0.959813
0.959836
0.959558
0.959713
0.959341
0.95973
0.959817
0.959847
0.959782
0.95987
0.959587
0.959488
0.959618
0.960044
0.959685
0.959807
0.959731
0.960207
0.959662
0.959791
0.959754
0.959693
0.960284
0.959964
0.959898
0.959766
0.959518
0.959905
0.959977
0.960108
0.959606
0.959587
0.959832
0.959861
0.959908
0.959946
0.960001
0.960069
0.959922
0.959681
0.959679
0.95976
0.959615
0.959608
0.959283
0.959615
0.959601
0.95985
0.959824
0.959779
0.95979
0.959611
0.959706
0.959595
0.959637
0.959635
0.959792
0.960033
0.959703
0.959899
0.959873
0.959416
0.959474
0.959803
0.959649
0.960029
0.95991
0.959493
0.959891
0.95988
0.9597
0.960034
0.959764
0.959757
0.959901
0.959679
0.959584
0.959744
0.959888
0.959607
0.95961
0.959767
0.959487
0.959685
0.95985
0.96022
0.959823
0.959628
0.959856
0.959639
0.959652
0.95998
0.959677
0.959895
0.959439
0.95967
0.960127
0.959614
0.959789
0.959653
0.959788
0.959796
0.959846
0.959597
0.959827
0.959858
0.959718
0.959627
0.959681
0.959513
0.959852
0.959741
0.959678
0.959684
0.959642
0.959654
0.959702
0.959552
0.95965
0.959766
0.959379
0.959733
0.959755
0.959738
0.959565
0.959618
0.959858
0.959913
0.959727
0.959855
0.959829
0.959621
0.959795
0.95989
0.960072
0.960147
0.959629
0.959633
0.959665
0.959872
0.959876
0.959894
0.959619
0.959681
0.959762
0.959596
0.959682
0.959907
0.959727
0.959902
0.959729
0.95991
0.959792
0.960139
0.96002
0.959766
0.959725
0.959867
0.959515
0.959484
0.959708
0.959886
0.959864
0.959666
0.959831
0.959644
0.959599
0.959808
0.959862
0.95994
0.959858
0.960016
0.959687
0.959842
0.959585
0.95969
0.959722
0.959765
0.959761
0.959854
0.960004
0.960071
0.959993
0.959826
0.959752
0.960178
0.95972
0.9597
0.96016
0.959833
0.959621
0.959483
0.95966
0.959638
0.959961
0.959941
0.959743
0.959656
0.959659
0.95949
0.959811
0.959833
0.95976
0.959597
0.959968
0.959792
0.959832
0.959949
0.959874
0.959833
0.959855
0.959955
0.95982
0.959757
0.959824
0.959826
0.959782
0.95953
0.9593
0.959465
0.959846
0.959761
0.959623
0.959901
0.959896
0.959758
0.959841
0.959899
0.960186
0.959723
0.959989
0.960025
0.959885
0.959877
0.959881
0.959658
0.959987
0.96018
0.95998
0.960011
0.959948
0.959614
0.959849
0.95988
0.959707
0.959681
0.95977
0.95986
0.959815
0.959833
0.959543
0.959489
0.959628
0.959594
0.959702
0.95949
0.959682
0.959539
0.959765
0.960009
0.959833
0.959725
0.959552
0.959714
0.95949
0.959596
0.959739
0.959674
0.959622
0.959761
0.959874
0.959982
0.959711
0.959515
0.959505
0.959706
0.959663
0.959899
0.959898
0.959907
0.959743
0.959682
0.959737
0.959739
0.959737
0.959933
0.959706
0.959734
0.959717
0.959968
0.959927
0.960114
0.959806
0.959628
0.959464
0.95975
0.959555
0.959899
0.959901
0.959587
0.959873
0.959902
0.959674
0.959898
0.959495
0.959754
0.959635
0.95957
0.959757
0.959686
0.959792
0.95974
0.959872
0.959959
0.959591
0.95985
0.959839
0.959844
0.959523
0.959726
0.959942
0.959938
0.959997
0.960019
0.959952
0.959661
0.959857
0.959914
0.959667
0.959746
0.959716
0.959876
0.959771
0.959788
0.959794
0.959992
0.959851
0.959814
0.959785
0.959744
0.959592
0.959619
0.959602
0.959896
0.959776
0.959675
0.959778
0.959593
0.959404
0.959882
0.959887
0.959625
0.959552
0.959859
0.959661
0.959737
0.959915
0.960076
0.960111
0.959847
0.959732
0.960157
0.959912
0.959486
0.959806
0.959842
0.959862
0.95953
0.959543
0.959838
0.959988
0.959794
0.95961
0.959747
0.959797
0.959682
0.95952
0.959534
0.959798
0.959746
0.959979
0.960185
0.959955
0.959745
0.959622
0.959602
0.960036
0.959779
0.959856
0.959808
0.959728
0.959678
0.959657
0.959677
0.960033
0.960148
0.959929
0.959761
0.959888
0.95999
0.959911
0.959644
0.95992
0.9598
0.959812
0.959612
0.959802
0.9603
0.959799
0.959583
0.959587
0.959574
0.960136
0.959916
0.959658
0.959743
0.959856
0.95986
0.959624
0.959783
0.959701
0.959795
0.959548
0.959639
0.959745
0.959555
0.960024
0.959795
0.959816
0.959743
0.95966
0.959929
0.959751
0.960025
0.959833
0.959826
0.95998
0.959864
0.959827
0.959716
0.959814
0.960161
0.959901
0.959829
0.959677
0.959624
0.959633
0.959937
0.959811
0.959697
0.959647
0.959427
0.959567
0.959808
0.959781
0.959758
0.959645
0.959825
0.959538
0.959702
0.959679
0.959557
0.959464
0.959806
0.95965
0.959788
0.959476
0.959971
0.959903
0.959863
0.959876
0.959696
0.959636
0.959679
0.959842
0.959702
0.959635
0.959812
0.959972
0.959797
0.959917
0.959897
0.959752
0.959989
0.959661
0.959717
0.95995
0.959811
0.959571
0.959723
0.959751
0.959692
0.959753
0.959674
0.959519
0.959801
0.959991
0.95999
0.959763
0.959876
0.959888
0.959789
0.959768
0.959899
0.959771
0.959898
0.959934
0.959953
0.959655
0.959569
0.959667
0.959826
0.959623
0.95947
0.959946
0.9598
0.959647
0.959671
0.960089
0.959863
0.959954
0.959844
0.959807
0.959772
0.959892
0.959821
0.959663
0.959712
0.959544
0.960013
0.960108
0.959996
0.959584
0.959814
0.959699
0.959817
0.959731
0.959311
0.95946
0.960175
0.959784
0.959959
0.959687
0.959868
0.959827
0.959795
0.959733
0.959918
0.959519
0.959883
0.959785
0.959981
0.959562
0.959471
0.95951
0.959573
0.95985
0.959953
0.960011
0.959628
0.959885
0.9598
0.959816
0.959966
0.959442
0.959682
0.959973
0.960121
0.959748
0.959731
0.959548
0.959819
0.95941
0.959344
0.959908
0.959846
0.959846
0.959759
0.959624
0.95993
0.95967
0.959397
0.959416
0.959492
0.959818
0.959851
0.959731
0.959764
0.959877
0.959638
0.959651
0.960217
0.959645
0.959773
0.959644
0.959777
0.959805
0.959635
0.959728
0.959665
0.959654
0.959462
0.959518
0.959539
0.959531
0.959784
0.959907
0.959922
0.959859
0.959808
0.959817
0.959784
0.959717
0.959801
0.959876
0.95963
0.959546
0.959501
0.959888
0.959721
0.960057
0.960085
0.960043
0.959688
0.959683
0.959969
0.959953
0.959667
0.959869
0.95968
0.95967
0.9596
0.959813
0.959833
0.959692
0.959888
0.959754
0.959486
0.959684
0.959661
0.959882
0.960107
0.959968
0.959867
0.959986
0.959864
0.959607
0.959743
0.959851
0.959963
0.960034
0.959582
0.959896
0.959593
0.959542
0.959783
0.959757
0.959851
0.959944
0.959835
0.959829
0.96014
0.959958
0.959849
0.959754
0.959587
0.959814
0.959842
0.95974
0.959952
0.959734
0.959903
0.959959
0.959739
0.95974
0.960064
0.960043
0.959967
0.959894
0.959792
0.959863
0.959838
0.959788
0.959818
0.959676
0.959615
0.959781
0.959674
0.959788
0.959803
0.9596
0.95988
0.960031
0.959819
0.959904
0.959636
0.959698
0.959996
0.959761
0.959685
0.959787
0.95996
0.959877
0.960076
0.959696
0.959666
0.959783
0.959814
0.959772
0.959609
0.959919
0.959831
0.959648
0.959725
0.959782
0.96002
0.959625
0.959702
0.959807
0.960066
0.959849
0.959912
0.96003
0.959746
0.959589
0.959953
0.960013
0.959835
0.960141
0.959332
0.959668
0.959927
0.960081
0.960007
0.959965
0.960133
0.960041
0.960005
0.959992
0.959747
0.959642
0.95959
0.959654
0.959653
0.959782
0.959889
0.959713
0.959856
0.959813
0.959487
0.959455
0.959634
0.959881
0.959974
0.959733
0.959856
0.959864
0.960049
0.95958
0.959756
0.959816
0.95987
0.959573
0.959437
0.959619
0.959643
0.959675
0.959645
0.959883
0.960174
0.960063
0.959595
0.959745
0.96001
0.959752
0.959649
0.959768
0.959663
0.960048
0.959838
0.96001
0.959806
0.959691
0.959535
0.959612
0.95959
0.959703
0.959863
0.96006
0.960076
0.959825
0.959734
0.960064
0.959792
0.959733
0.959877
0.959725
0.959535
0.959614
0.95971
0.959471
0.959557
0.959602
0.959687
0.959768
0.959866
0.959905
0.960102
0.959788
0.959954
0.959359
0.959811
0.959387
0.959632
0.959759
0.959507
0.959794
0.95993
0.959815
0.959737
0.959447
0.959729
0.959697
0.959544
0.959699
0.959751
0.959761
0.959501
0.95976
0.959749
0.959817
0.959589
0.959804
0.959633
0.959381
0.959622
0.960052
0.959915
0.959719
0.959686
0.959789
0.960012
0.959886
0.959828
0.959785
0.959798
0.959805
0.959953
0.959884
0.959728
0.959613
0.959888
0.959746
0.959762
0.959903
0.959635
0.959641
0.959669
0.959678
0.959753
0.959786
0.959684
0.959929
0.959782
0.959934
0.959958
0.960051
0.959651
0.959873
0.959761
0.959812
0.959702
0.959817
0.959527
0.95962
0.95997
0.959648
0.95961
0.959689
0.959969
0.959774
0.959527
0.959646
0.959806
0.9597
0.959935
0.959665
0.959775
0.959856
0.959877
0.959768
0.95977
0.959891
0.959925
0.959924
0.960025
0.959717
0.959821
0.959678
0.959645
0.959635
0.959568
0.959636
0.959653
0.959641
0.959672
0.959744
0.960021
0.959859
0.959639
0.959868
0.959588
0.959729
0.959661
0.959566
0.959846
0.959843
0.959902
0.959795
0.959612
0.959799
0.959934
0.959658
0.95973
0.959659
0.959423
0.959863
0.959697
0.959848
0.959496
0.959846
0.959853
0.959571
0.959678
0.959511
0.95961
0.960086
0.959842
0.959856
0.959676
0.95959
0.959767
0.959519
0.959798
0.959735
0.959943
0.959929
0.959765
0.959803
0.959642
0.959586
